910 704
906 704
904 702
902 700
898 698
894 696
891 694
889 692
885 690
857 676
856 676
854 674
852 674
851 674
850 673
849 672
848 672
847 672
846 671
845 670
844 670
843 669
841 669
839 667
837 667
836 667
835 667
835 665
833 663
831 663
829 663
829 662
825 662
824 662
823 660
821 660
820 660
820 659
819 658
817 656
814 653
812 651
810 649
808 647
806 645
804 643
801 640
801 638
795 636
792 632
790 629
786 627
782 623
781 620
779 618
775 614
773 612
770 609
770 608
766 606
764 604
762 602
759 598
757 597
755 595
753 593
751 591
748 589
748 587
744 586
742 582
740 580
738 578
737 576
736 574
732 571
730 567
728 562
726 560
725 556
721 552
721 549
717 545
715 541
714 538
712 534
710 532
708 528
706 527
702 523
701 519
701 517
697 514
697 510
693 508
693 506
691 505
690 503
688 499
688 498
684 496
684 493
684 491
680 489
680 487
680 483
677 483
677 480
675 480
673 476
673 475
671 473
669 471
667 469
667 467
665 464
664 464
662 462
661 461
661 459
659 459
655 457
653 455
652 454
651 454
647 452
645 451
643 450
639 450
639 448
636 448
634 446
632 446
630 444
628 442
627 440
625 440
623 439
621 438
619 436
617 436
616 435
615 435
614 434
613 434
612 433
611 433
610 432
609 432
609 431
607 431
605 429
605 428
604 428
604 426
602 424
598 422
598 421
594 417
593 417
591 413
587 410
585 408
582 406
580 402
579 402
575 399
573 397
569 393
567 392
565 388
561 386
558 382
556 381
554 379
550 377
549 373
545 371
543 371
542 370
540 369
537 367
535 363
533 361
531 359
529 358
527 356
526 354
526 352
522 350
520 348
518 345
517 344
515 342
514 340
510 336
508 333
506 331
504 327
501 324
499 322
497 318
493 314
492 311
488 309
487 307
485 305
481 301
481 300
478 296
476 294
474 292
472 290
470 289
469 287
467 283
465 281
463 279
462 277
460 276
457 274
455 270
453 266
451 265
449 263
449 261
446 257
446 255
444 252
442 250
440 248
440 244
438 243
438 242
436 240
435 238
435 236
433 234
433 232
431 231
431 229
429 227
429 226
428 225
428 224
428 222
426 222
426 220
426 218
425 218
425 217
423 216
423 214
422 214
422 212
421 212
421 210
419 208
418 207
417 207
417 205
415 204
414 203
413 203
411 199
409 197
408 195
406 195
406 193
405 191
403 190
402 189
402 187
400 185
399 185
397 183
395 181
393 179
392 178
390 176
388 174
386 172
386 170
384 170
384 167
382 165
381 163
380 162
380 160
378 158
376 156
376 153
374 151
372 149
370 147
370 145
369 144
369 142
367 140
365 138
365 136
363 134
361 133
361 131
361 130
359 128
359 126
358 124
358 122
358 121
358 120
356 118
356 117
356 116
356 114
354 112
354 111
354 107
354 106
352 104
352 102
352 100
352 98
352 96
352 95
352 93
352 91
351 90
351 88
351 86
351 85
351 84
351 83
351 81
351 80
351 79
351 77
351 75
349 73
349 71
349 70
349 69
349 68
349 67
349 65
349 64
349 63
349 62
348 61
348 60
348 58
348 56
348 54
348 52
348 51
348 50
348 49
Button.left 348 49
349 49
352 49
354 49
358 49
360 49
363 48
365 48
367 48
369 48
371 48
372 48
374 48
376 48
378 48
380 48
381 47
383 47
384 47
386 47
388 47
390 47
394 47
396 47
397 47
399 47
401 47
403 47
404 47
406 47
408 47
409 47
411 47
413 47
414 47
416 47
417 47
418 47
419 47
420 47
421 47
423 47
425 47
426 47
427 47
428 47
429 47
430 47
431 47
432 47
433 47
434 47
435 47
437 47
439 47
440 47
441 47
443 47
444 47
446 47
448 47
450 47
452 48
453 48
457 48
459 48
463 48
464 48
468 48
472 48
474 48
475 48
479 48
481 48
483 48
485 48
487 48
490 48
494 48
496 48
498 48
501 48
503 48
507 48
509 48
511 48
512 48
514 48
516 48
517 48
519 48
521 48
522 48
523 48
524 48
525 48
526 48
527 48
528 48
529 48
530 48
Button.left 530 48
531 48
532 48
536 48
540 48
545 48
551 48
556 48
560 48
564 47
567 47
571 47
575 47
578 47
582 47
584 47
585 47
587 47
590 47
592 47
594 47
594 46
596 46
598 46
599 46
600 46
602 46
605 46
607 46
609 46
613 46
615 46
618 46
620 46
624 46
625 46
628 46
630 46
633 46
637 46
639 46
641 46
644 46
644 44
648 44
649 44
651 44
653 44
654 44
655 44
656 44
657 44
659 44
661 44
665 44
667 44
670 44
672 44
676 44
677 44
679 44
682 44
686 44
690 44
692 44
693 44
697 44
699 44
703 44
704 44
706 44
707 44
709 44
711 44
713 44
716 44
717 44
718 44
719 44
720 44
721 44
722 44
723 44
724 44
725 45
727 45
728 45
729 45
731 45
732 45
733 45
735 45
737 45
739 45
741 45
743 45
744 45
746 45
748 45
750 45
750 43
752 43
754 43
755 43
756 43
756 43
757 43
758 43
759 43
760 43
761 43
762 43
763 43
764 43
765 43
766 43
768 43
770 43
772 43
773 43
774 43
775 43
776 43
Button.left 776 43
775 43
773 43
766 43
764 43
758 43
755 43
749 43
744 43
740 43
733 43
727 43
722 43
714 43
711 43
705 43
698 43
694 43
687 43
683 43
676 43
670 43
666 43
661 43
657 43
654 43
648 45
647 45
643 45
640 45
636 45
632 45
631 45
629 45
627 45
625 45
623 45
621 45
620 45
619 45
618 45
618 45
617 45
616 45
615 45
614 45
613 45
612 45
611 45
609 45
607 45
606 45
605 45
604 45
603 45
603 46
602 46
601 46
600 46
599 46
597 46
595 46
594 46
593 46
591 46
590 46
589 46
588 46
587 46
Button.left 587 46
586 46
585 46
583 46
581 46
579 46
576 46
574 46
572 46
568 46
566 46
561 46
559 46
555 46
552 46
548 46
544 48
541 48
535 48
532 48
526 48
522 48
519 49
514 49
510 49
505 49
499 49
496 49
490 49
486 49
483 49
479 49
475 49
472 49
466 49
464 49
461 49
457 49
453 49
450 49
446 49
442 49
440 49
437 49
435 49
431 50
429 50
428 50
426 50
424 50
422 50
418 50
416 50
415 50
413 50
409 50
407 50
405 50
402 50
400 50
398 50
397 50
395 50
392 50
390 50
386 50
384 50
381 50
379 50
377 50
373 50
369 50
368 50
366 50
362 50
361 50
359 52
357 52
356 52
354 52
353 52
Button.left 353 52
352 52
351 52
347 52
344 52
342 52
336 52
334 52
329 52
325 52
322 52
318 52
314 52
312 52
307 52
303 52
299 52
296 52
294 52
290 52
288 52
285 52
283 52
281 52
277 52
276 52
275 52
271 52
269 52
267 52
265 52
264 52
262 52
260 52
258 52
256 52
254 52
253 52
251 52
250 52
248 52
246 52
242 52
239 52
237 52
233 52
231 52
230 52
226 52
224 52
220 52
219 52
218 52
214 50
212 50
210 50
207 50
205 50
201 50
199 50
197 50
196 50
192 50
190 50
186 50
185 49
183 49
182 49
180 49
178 49
176 49
174 49
173 49
171 49
169 49
167 49
166 49
164 49
162 49
161 49
160 50
159 50
158 50
156 50
154 50
152 50
151 50
150 50
150 51
148 51
146 51
145 51
144 51
143 51
141 51
140 51
139 51
138 51
137 51
136 51
135 51
134 51
Button.left 134 51
134 51
